image: sim_simple5.pgm
resolution: 0.050000
origin: [-2.664203, -5.199200, 0.000000]
negate: 0
occupied_thresh: 0.65
free_thresh: 0.196

