image: sim_simple1.pgm
resolution: 0.050000
origin: [-2.291273, -3.100561, 0.000000]
negate: 0
occupied_thresh: 0.65
free_thresh: 0.196

