image: sim_simple7.pgm
resolution: 0.050000
origin: [-2.530844, -4.309431, 0.000000]
negate: 0
occupied_thresh: 0.65
free_thresh: 0.196

