image: world1.pgm
resolution: 0.050000
origin: [-4.592538, -3.278644, 0.000000]
negate: 0
occupied_thresh: 0.65
free_thresh: 0.196

